Date,"Imp Vol","1D IV Chg","IV Rank","IV Pctl","P/C Vol","Options Vol","P/C OI","Total OI",Last,"Call Volume","Put Volume","Call OI","Put OI"
2025-01-22,68.39%,-2.13%,3.85%,10%,0.17064843963373,162877,0.31688023468094,755963,27.65,139134,23743,574056,181907
2025-01-21,70.52%,-10.50%,4.54%,14%,0.19418698401487,179220,0.32971574548741,695932,27.47,150077,29143,523369,172563
2025-01-17,81.02%,+2.28%,7.96%,35%,0.2372700007572,375822,0.31302875634007,1312237,27.51,303751,72071,999397,312840
2025-01-16,78.74%,-4.94%,7.22%,32%,0.2273660725604,145233,0.31780503244999,1280241,27.72,118329,26904,971495,308746
2025-01-15,83.68%,-8.12%,8.83%,40%,0.18158375894053,212613,0.31447538022554,1250258,27.96,179939,32674,951146,299112
2025-01-14,91.79%,-12.24%,11.47%,43%,0.198928051755,343590,0.31197554706677,1203117,27.88,286581,57009,917027,286090
2025-01-13,104.03%,-4.62%,15.45%,54%,0.19911498562514,181016,0.31284991453765,1159811,31.02,150958,30058,883430,276381
2025-01-10,108.65%,-5.47%,17.37%,61%,0.15315861233146,296868,0.30913682162289,1254085,32.31,257439,39429,957948,296137
2025-01-08,114.13%,+4.53%,19.14%,66%,0.12002441000605,218407,0.30751262182644,1228076,32.96,195002,23405,939246,288830
2025-01-07,109.60%,+1.75%,17.67%,63%,0.1740772590906,240289,0.3098112450247,1174809,33.37,204662,35627,896930,277879
2025-01-06,107.85%,+8.98%,17.11%,62%,0.15217991932364,291914,0.31987353915399,1093799,32.82,253358,38556,828715,265084
2025-01-03,98.87%,-1.77%,14.20%,52%,0.16729038456127,290395,0.3254442830632,1169914,31.65,248777,41618,882658,287256
2025-01-02,100.64%,-5.99%,14.77%,54%,0.16044997039668,211680,0.32707397427889,1132298,30.66,182412,29268,853229,279069
2024-12-31,106.63%,-6.21%,16.71%,59%,0.10455912797813,193141,0.32590294061993,1107121,31.34,174858,18283,834994,272127
2024-12-30,112.85%,-3.17%,18.73%,65%,0.1776344867254,194504,0.33111482570241,1039208,32.01,165165,29339,780705,258503
2024-12-27,116.02%,+3.14%,19.75%,66%,0.22713772396938,303265,0.31446213211073,1173189,32.2,247132,56133,892524,280665
2024-12-26,112.88%,+6.34%,18.74%,66%,0.18655924848749,381461,0.31589832185177,1101399,32.99,321485,59976,836994,264405
2024-12-24,106.54%,-1.86%,16.68%,60%,0.11831710577845,165625,0.31116388693978,1093137,31.14,148102,17523,833715,259422
2024-12-23,108.39%,+3.44%,17.28%,63%,0.15225349358581,253384,0.33280415374846,999054,30.9,219903,33481,749588,249466
2024-12-20,104.95%,+1.02%,16.17%,60%,0.22531603168501,321904,0.34294859306491,1171865,29.82,262711,59193,872606,299259
2024-12-19,103.93%,+1.36%,15.84%,59%,0.16396427117824,211625,0.34173138257362,1153944,29,181814,29811,860041,293903
2024-12-18,102.57%,-19.16%,15.40%,59%,0.19484150857065,282028,0.34059886456726,1125910,28.55,236038,45990,839856,286054
2024-12-17,121.73%,+11.85%,21.60%,72%,0.12734341907785,431157,0.33965677640457,1092963,31.26,382454,48703,815853,277110
2024-12-16,109.88%,+20.68%,17.76%,65%,0.13357102133571,282334,0.37793883056171,970040,29.44,249066,33268,703979,266061
2024-12-13,89.20%,-2.77%,11.07%,50%,0.26539375265267,229569,0.38346154782482,1136569,27.99,181421,48148,821540,315029
2024-12-12,91.96%,-3.78%,11.96%,51%,0.26656131716031,202779,0.40015311725393,1115607,28.75,160102,42677,796775,318832
2024-12-11,95.74%,-6.35%,13.19%,54%,0.30582278973043,403131,0.42063657947061,1060312,28.97,308718,94413,746364,313948
2024-12-10,102.09%,-4.99%,15.24%,59%,0.62260206747989,254596,0.39332322383886,988652,26.93,156906,97690,709564,279088
2024-12-09,107.08%,-13.19%,16.86%,63%,0.3060371099024,169282,0.38895445862778,943814,27.93,129615,39667,679514,264300
2024-12-06,120.27%,+3.08%,21.13%,71%,0.21834824414561,329696,0.37157815252957,1089856,29.06,270609,59087,794600,295256
2024-12-05,117.18%,+16.59%,20.13%,67%,0.18373856778825,586707,0.3924322652849,981655,28.63,495639,91068,704993,276662
2024-12-04,100.59%,+3.96%,14.76%,59%,0.21617873339812,120139,0.39070595574347,963075,27.03,98784,21355,692508,270567
2024-12-03,96.63%,-5.88%,13.47%,56%,0.19273852250311,137252,0.39795113324779,939124,27.44,115073,22179,671786,267338
2024-12-02,102.51%,-8.33%,15.38%,59%,0.22485435966001,256509,0.40471519048015,879200,27.27,209420,47089,625892,253308
2024-11-29,110.84%,-11.19%,18.08%,64%,0.23430085449697,289762,0.38373043665831,1039212,29.05,234758,55004,751022,288190
2024-11-27,122.03%,-5.28%,21.70%,70%,0.21942868368984,260698,0.37394518995752,1011269,30.89,213787,46911,736033,275236
2024-11-26,127.31%,-3.38%,23.41%,72%,0.20231626692163,412457,0.36913146301076,950028,30.33,343052,69405,693891,256137
2024-11-25,130.69%,+8.92%,24.51%,77%,0.14078008629651,240327,0.38633124000878,896704,29.67,210669,29658,646818,249886
2024-11-22,121.78%,+1.22%,21.62%,71%,0.1624631570235,252809,0.37144508437443,1020362,27.9,217477,35332,744005,276357
2024-11-21,120.56%,-7.62%,21.22%,71%,0.15743429668856,223592,0.37524854131363,992532,27.82,193179,30413,721711,270821
2024-11-20,128.17%,+6.71%,23.69%,73%,0.15061426047856,401233,0.38011135697853,943647,28.45,348712,52521,683747,259900
2024-11-19,121.46%,+1.56%,21.52%,71%,0.22173574041864,183330,0.38859328743177,907143,27.57,150057,33273,653282,253861
2024-11-18,119.90%,-32.79%,21.01%,71%,0.22109783661608,189087,0.3922065096852,859959,26.44,154850,34237,617695,242264
2024-11-15,152.69%,+7.19%,31.63%,87%,0.19751264617539,365991,0.36815752344377,1053090,26.59,305626,60365,769714,283376
2024-11-14,145.50%,+0.63%,29.30%,86%,0.1406647955613,316190,0.37349134787238,1007482,27.37,277198,38992,733519,273963
2024-11-13,144.87%,+3.15%,29.10%,85%,0.10736592756562,328169,0.37384147427438,979663,26.46,296351,31818,713083,266580
2024-11-12,141.73%,+5.65%,28.08%,85%,0.13809663465063,341495,0.37523670922882,931749,26.84,300058,41437,677519,254230
2024-11-11,136.08%,+29.14%,26.25%,82%,0.18376929990157,497891,0.37003043615351,838597,27.26,420598,77293,612101,226496
2024-11-08,106.94%,+20.64%,16.81%,66%,0.1181074793806,475833,0.35300712519994,930463,24.88,425570,50263,687700,242763
2024-11-07,86.30%,+6.28%,10.13%,52%,0.17273681726066,144093,0.3587843905932,903256,23.45,122869,21224,664753,238503
2024-11-06,80.02%,+3.50%,8.09%,41%,0.1678278548096,153372,0.36542032080204,872195,23.1,131331,22041,638774,233421
2024-11-05,76.52%,+7.62%,6.96%,36%,0.10682366594253,156413,0.39239657694906,820375,22.99,141317,15096,589182,231193
2024-11-04,68.89%,-4.41%,4.49%,17%,0.20135338345865,95868,0.39702190547664,787430,22.33,79800,16068,563649,223781
2024-11-01,73.31%,+1.46%,5.92%,29%,0.21240409372614,187411,0.36386269984674,914830,22.41,154578,32833,670764,244066
2024-10-31,71.85%,-11.27%,5.45%,24%,0.16256558775837,164181,0.36350420671985,900420,22.18,141223,22958,660372,240048
2024-10-30,83.11%,+6.01%,9.10%,49%,0.12899056860244,269936,0.36403151317577,878675,23.28,239095,30841,644175,234500
2024-10-29,77.11%,-8.05%,7.15%,37%,0.17736667408986,222049,0.36412577784767,850115,22.68,188598,33451,623194,226921
2024-10-28,85.16%,+26.57%,9.76%,50%,0.15037309726801,359051,0.41343347036695,744707,22.73,312117,46934,526878,217829
2024-10-25,58.59%,+1.28%,1.15%,4%,0.16085103131328,212683,0.39681926038182,812953,20.57,183213,29470,582003,230950
2024-10-24,57.31%,-0.15%,0.74%,2%,0.15055481693598,90001,0.41103989987268,784668,20.63,78224,11777,556092,228576
2024-10-23,57.46%,-0.92%,0.79%,2%,0.20893449092344,76586,0.41777269571609,763774,20.54,63350,13236,538714,225060
2024-10-22,58.38%,+1.55%,1.09%,2%,0.18866933841967,110929,0.42858575963933,726273,20.93,93322,17607,508386,217887
2024-10-21,56.83%,-3.69%,0.59%,1%,0.17022853166822,129501,0.45595563273962,667346,20.7,110663,18838,458356,208990
2024-10-18,60.53%,-5.63%,1.78%,3%,0.18151127252267,184786,0.39203763814569,1055397,21.22,156398,28388,758167,297230
2024-10-17,66.16%,-1.94%,3.61%,10%,0.20589315893894,98466,0.39146791491852,1046363,21.41,81654,16812,751985,294378
"Downloaded from Barchart.com as of 01-23-2025 05:39am CST"
